MutationType	PD37580_indels	PD40315_indels	PD40521_indels	PD41048_indels	PD43976_indels	PD44579_indels	PD45534_indels	PD47536_indels	PD47537_indels	PD47538_indels	PD47539_indels	PD47540_indels	PD47541_indels	PD47695_indels	PD47696_indels	PD47697_indels	PD47698_indels	PD47699_indels	PD47700_indels	PD47701_indels	PD47702_indels	PD47703_indels	PD47738_indels	PD48402_indels	PD49236_indels	PD49237_indels	PD50306_indels	PD50307_indels	PD50308_indels	PD60009_indels	PD60010_indels	PD60011_indels
DEL:C:1:0	263	1	106	515	32	544	737	39	133	52	27	27	52	32	45	72	59	69	32	66	47	642	37	30	642	251	70	133	198	39	50	67
DEL:C:1:1	161	1	62	340	12	449	484	14	116	32	27	23	39	31	21	48	24	55	13	37	23	433	15	18	455	167	39	114	113	49	42	50
DEL:C:1:2	68	0	29	168	8	159	228	10	50	24	8	10	19	11	15	26	13	23	9	21	18	192	9	6	163	69	28	47	51	10	11	25
DEL:C:1:3	27	1	13	64	5	65	89	2	24	9	3	4	7	6	2	10	5	9	1	9	4	78	1	2	91	22	15	19	16	3	8	8
DEL:C:1:4	12	0	8	33	2	35	44	0	9	5	2	2	8	3	4	5	9	2	2	3	3	55	2	2	48	16	6	11	6	2	1	3
DEL:C:1:5+	5	0	5	19	1	20	21	2	10	4	4	5	3	2	4	2	3	5	1	3	2	22	2	1	13	8	11	12	5	2	6	3
DEL:T:1:0	247	0	75	393	31	355	722	24	105	41	23	19	48	29	28	43	37	58	15	44	30	662	27	34	517	208	17	118	104	38	34	43
DEL:T:1:1	217	1	31	231	14	221	371	10	58	26	11	9	21	18	17	24	21	29	14	27	16	396	15	17	257	98	18	63	70	17	23	20
DEL:T:1:2	140	0	31	206	6	174	309	12	51	15	10	7	28	8	6	16	16	35	7	20	18	500	19	18	278	98	6	47	83	19	24	21
DEL:T:1:3	139	0	24	145	8	138	261	6	39	15	6	9	28	13	11	21	13	16	7	25	14	1517	7	8	196	74	14	49	334	13	24	21
DEL:T:1:4	80	2	30	92	5	87	160	7	30	10	4	7	17	12	5	10	13	9	5	20	12	2037	8	5	136	47	17	35	495	8	23	15
DEL:T:1:5+	110	2	43	154	15	173	243	14	69	39	23	23	37	17	14	29	31	48	14	37	19	2617	19	8	170	82	23	50	647	25	38	43
INS:C:1:0	33	0	4	14	1	19	34	6	9	4	1	1	3	5	2	4	1	7	1	5	2	71	5	2	29	8	2	6	6	6	1	2
INS:C:1:1	16	0	7	21	1	17	38	3	2	2	2	3	1	0	3	2	2	3	3	0	1	28	1	1	25	21	2	7	9	5	6	2
INS:C:1:2	13	0	2	12	1	21	28	0	7	1	1	0	4	4	2	2	2	2	0	4	1	20	0	0	18	6	1	5	7	1	3	3
INS:C:1:3	9	0	1	5	0	8	8	0	3	1	1	0	2	1	1	2	1	1	0	0	1	16	1	0	7	3	0	2	1	0	1	3
INS:C:1:4	4	0	1	7	0	5	6	1	1	0	0	0	0	0	1	1	1	2	0	1	1	9	1	1	7	3	0	1	2	0	2	3
INS:C:1:5+	10	0	7	19	1	18	45	2	8	9	0	2	3	2	5	4	1	4	1	6	1	20	2	1	27	6	5	9	6	1	1	2
INS:T:1:0	10	0	5	27	1	23	35	1	5	4	2	1	3	1	4	1	1	5	1	3	3	119	2	1	27	17	9	13	44	5	2	2
INS:T:1:1	102	1	37	154	5	157	276	9	39	22	11	12	19	10	6	11	17	22	8	19	12	149	15	7	185	52	33	39	37	11	19	17
INS:T:1:2	59	0	6	30	3	40	68	2	14	4	4	1	5	3	1	3	1	3	2	4	5	59	1	3	48	15	24	9	11	4	0	6
INS:T:1:3	45	1	3	30	4	42	52	2	10	4	0	2	9	3	5	7	5	3	4	5	5	100	2	2	72	19	10	15	20	4	7	5
INS:T:1:4	22	1	5	21	0	16	31	2	2	2	4	2	3	2	2	4	1	3	0	2	3	32	0	2	25	9	8	8	3	3	1	5
INS:T:1:5+	80	19	31	165	45	182	211	47	111	148	65	66	146	59	44	127	138	159	94	154	167	248	40	34	213	91	51	64	74	76	157	81
DEL:repeats:2:0	34	1	8	40	1	49	72	4	24	4	4	2	4	2	1	9	6	4	2	7	6	74	0	2	63	16	8	11	12	4	4	10
DEL:repeats:2:1	23	1	13	43	3	40	74	7	18	2	2	3	3	5	5	6	4	8	0	2	4	62	5	2	72	20	5	11	12	6	9	6
DEL:repeats:2:2	3	0	1	21	2	13	25	0	4	1	2	0	0	1	2	1	2	1	1	2	1	17	1	1	13	6	1	4	3	1	2	2
DEL:repeats:2:3	7	0	0	3	0	5	8	0	0	0	1	2	1	2	0	0	0	4	1	2	2	13	1	0	5	4	1	2	2	1	0	0
DEL:repeats:2:4	1	0	0	3	0	1	1	0	0	0	0	0	0	0	0	0	0	0	1	1	1	0	0	0	1	0	0	0	1	1	2	0
DEL:repeats:2:5+	0	0	0	1	7	0	0	1	2	11	7	8	17	7	1	14	9	12	12	18	16	0	7	2	1	0	7	0	0	8	10	13
DEL:repeats:3:0	24	0	2	19	2	22	32	0	9	1	1	1	3	1	2	3	3	4	0	3	4	37	2	4	34	7	3	7	2	1	2	1
DEL:repeats:3:1	16	0	9	60	2	49	73	5	18	3	3	5	7	2	3	6	4	10	4	8	2	65	6	4	67	24	2	14	6	2	6	6
DEL:repeats:3:2	2	0	2	13	1	7	16	1	3	2	0	0	1	0	2	0	0	2	0	1	1	5	1	0	14	6	0	1	3	0	1	1
DEL:repeats:3:3	0	0	0	1	0	2	3	1	2	0	0	0	1	1	0	0	0	0	1	0	2	1	1	0	1	1	0	2	0	1	1	0
DEL:repeats:3:4	0	0	0	1	0	0	0	0	0	0	0	0	1	0	0	0	0	1	0	0	2	2	1	0	0	0	0	0	0	1	0	1
DEL:repeats:3:5+	0	0	0	1	0	0	0	0	1	1	0	1	1	0	1	2	1	2	1	3	2	0	1	2	0	0	2	0	0	2	0	3
DEL:repeats:4:0	18	0	2	16	3	20	40	1	4	0	0	0	2	1	1	4	2	3	1	2	3	28	0	1	30	9	2	2	3	0	2	3
DEL:repeats:4:1	21	0	14	82	1	62	130	5	14	14	7	8	6	5	4	8	6	6	4	4	14	87	6	6	130	40	0	20	12	4	6	10
DEL:repeats:4:2	8	0	2	26	1	18	19	0	6	1	0	1	0	0	0	1	1	0	0	0	0	13	2	1	25	9	0	5	0	2	1	1
DEL:repeats:4:3	1	0	0	6	0	8	8	0	6	3	1	1	1	1	0	1	0	1	1	3	0	6	0	1	4	4	1	0	0	1	1	4
DEL:repeats:4:4	0	0	0	1	0	2	0	0	1	0	0	1	1	1	0	0	0	0	1	0	3	1	0	0	3	0	0	1	0	0	0	1
DEL:repeats:4:5+	1	1	1	0	0	0	0	0	0	0	0	0	0	0	0	0	1	0	0	1	0	2	1	0	0	0	0	0	0	1	1	0
DEL:repeats:5+:0	176	1	13	101	5	112	129	1	29	11	2	4	9	7	8	15	13	10	5	12	7	239	5	6	129	44	6	26	10	11	12	17
DEL:repeats:5+:1	4	0	6	26	2	27	45	2	9	5	1	5	8	4	3	4	4	5	4	3	5	31	2	4	70	16	0	3	1	8	5	6
DEL:repeats:5+:2	1	0	0	8	0	4	2	2	1	7	3	2	1	0	3	5	0	0	3	2	2	10	4	4	7	2	3	0	0	4	3	2
DEL:repeats:5+:3	0	0	0	0	3	2	1	2	1	3	3	3	1	4	3	3	2	5	2	3	2	0	3	1	0	0	0	0	1	8	5	1
DEL:repeats:5+:4	0	0	0	0	0	3	0	1	0	4	2	0	0	0	2	1	2	1	2	1	3	0	6	0	0	0	0	0	1	4	4	4
DEL:repeats:5+:5+	0	0	0	0	0	0	0	0	0	1	0	0	0	0	0	1	0	1	1	2	2	0	0	0	0	0	1	0	0	0	0	0
INS:repeats:2:0	15	0	2	17	0	22	35	0	7	7	2	3	0	0	3	1	8	3	0	4	0	34	1	3	22	11	2	7	23	2	4	6
INS:repeats:2:1	24	0	3	20	2	23	32	3	5	5	1	1	3	1	0	5	2	3	1	2	3	30	2	0	34	9	0	4	5	1	3	1
INS:repeats:2:2	12	0	1	5	0	18	14	0	2	0	0	0	0	2	1	1	1	4	1	4	3	19	0	1	9	3	0	0	3	3	0	1
INS:repeats:2:3	5	0	1	1	0	3	2	0	3	0	0	0	1	0	1	2	0	0	0	1	0	4	0	0	0	2	1	0	2	0	0	1
INS:repeats:2:4	1	0	0	2	0	3	2	0	0	0	0	0	0	0	0	0	0	1	0	0	0	4	0	1	1	0	0	0	0	0	1	0
INS:repeats:2:5+	2	0	5	5	1	6	8	2	6	0	2	2	3	2	3	3	1	3	1	6	1	8	1	3	6	3	3	5	1	3	9	4
INS:repeats:3:0	4	0	2	8	0	12	15	2	2	2	2	0	0	1	1	0	1	1	1	2	0	13	0	1	11	5	0	3	0	3	2	3
INS:repeats:3:1	17	0	1	17	0	13	29	0	6	3	0	1	2	0	1	1	1	3	0	2	0	26	1	2	19	6	0	5	5	1	2	4
INS:repeats:3:2	0	0	1	2	0	2	2	0	0	0	0	0	0	1	0	0	0	1	0	0	0	2	0	0	7	1	0	1	0	0	0	0
INS:repeats:3:3	0	0	0	0	0	0	0	0	0	0	0	0	0	0	0	0	0	0	0	0	0	0	0	0	0	0	0	0	1	0	0	0
INS:repeats:3:4	0	0	0	1	0	0	1	0	0	0	0	0	0	0	0	0	0	0	0	0	0	1	0	0	1	1	0	0	0	0	0	0
INS:repeats:3:5+	2	0	2	0	0	0	1	0	0	0	0	0	1	0	0	0	0	0	0	0	0	1	0	0	3	1	0	0	1	1	0	0
INS:repeats:4:0	3	0	3	9	0	8	19	0	2	4	1	0	4	1	2	0	0	1	0	2	1	13	0	0	13	5	0	3	4	0	2	3
INS:repeats:4:1	13	0	4	10	0	16	23	1	5	2	1	2	1	2	2	0	1	1	0	2	1	20	3	0	18	11	2	6	1	6	2	0
INS:repeats:4:2	1	0	0	1	0	1	1	0	0	1	0	1	1	0	0	1	0	0	1	0	0	2	0	0	0	1	0	0	0	0	0	0
INS:repeats:4:3	0	0	0	1	0	1	0	0	0	0	0	0	0	0	0	0	0	0	0	0	0	1	0	0	0	0	0	0	0	0	0	0
INS:repeats:4:4	0	0	0	1	0	0	3	0	1	0	0	0	0	0	0	0	0	0	0	0	0	0	0	0	0	0	0	0	0	0	0	0
INS:repeats:4:5+	0	0	1	2	0	1	4	1	0	1	0	0	2	1	0	1	0	0	0	2	1	2	0	0	5	2	2	0	1	0	1	0
INS:repeats:5+:0	18	0	2	25	2	31	52	0	4	5	0	0	1	1	2	1	3	6	1	5	3	24	1	1	33	13	1	9	9	3	1	2
INS:repeats:5+:1	47	0	18	123	3	123	218	4	17	26	5	3	15	10	6	15	8	18	6	28	12	134	11	10	154	51	4	23	25	13	10	17
INS:repeats:5+:2	1	0	0	1	0	2	2	0	1	0	1	0	1	0	0	0	0	0	0	0	0	1	0	0	5	1	0	3	0	0	0	0
INS:repeats:5+:3	0	0	0	2	1	1	2	1	1	0	1	0	2	0	0	1	1	0	1	0	0	1	0	0	0	0	0	1	0	0	0	0
INS:repeats:5+:4	1	0	0	0	0	0	5	0	1	0	0	0	0	0	0	0	0	1	2	0	0	1	0	0	1	1	0	1	0	0	0	0
INS:repeats:5+:5+	1	0	0	1	1	1	1	0	0	0	0	0	0	0	0	0	0	1	0	0	1	0	0	0	1	0	0	0	1	0	0	0
DEL:MH:2:1	40	1	13	62	2	56	82	7	16	2	5	5	6	7	3	8	8	10	5	12	2	89	1	3	78	33	15	17	14	6	6	8
DEL:MH:3:1	23	0	1	26	3	22	33	1	7	0	2	2	2	1	3	3	3	2	0	4	3	36	1	1	23	9	0	6	3	0	5	3
DEL:MH:3:2	18	1	7	35	1	30	45	0	5	5	3	2	0	2	1	7	1	4	1	5	2	45	4	2	55	15	1	10	8	2	3	4
DEL:MH:4:1	12	0	4	26	0	21	36	1	9	2	2	2	4	5	5	1	3	5	3	1	0	30	0	1	26	14	1	4	0	1	1	2
DEL:MH:4:2	17	0	8	47	2	44	77	3	10	4	2	2	3	3	3	3	5	10	3	4	5	61	3	4	71	28	0	10	7	3	7	4
DEL:MH:4:3	18	0	15	72	3	57	97	6	14	7	2	6	10	4	4	7	3	6	7	5	6	91	9	7	87	31	1	10	8	6	3	8
DEL:MH:5+:1	167	0	13	98	1	81	139	4	25	10	1	4	8	6	11	9	6	12	5	11	7	230	3	5	110	39	10	26	13	10	5	10
DEL:MH:5+:2	111	0	7	58	2	64	77	5	23	5	2	4	5	3	1	5	8	6	3	8	3	140	1	1	75	35	7	16	13	5	7	10
DEL:MH:5+:3	61	0	6	39	0	35	56	5	13	1	2	4	6	3	1	4	3	5	3	1	3	85	2	4	75	16	7	5	12	4	4	3
DEL:MH:5+:4	23	1	9	30	1	18	54	4	7	0	0	0	6	2	4	3	9	6	3	3	4	60	2	1	43	12	0	7	2	2	3	4
DEL:MH:5+:5+	17	1	4	19	1	13	28	2	9	5	3	4	1	2	3	4	4	4	2	6	2	29	4	1	20	7	3	4	4	2	3	3